image,fear,happy,neutral,anger,sad
anger (1).jpeg,0.136133,0.358521,0.317268,0.136966,0.0511113
anger (10).jpeg,0.128817,0.222784,0.136143,0.0693747,0.442881
anger (100).jpeg,0.23679,0.112143,0.475546,0.0916409,0.0838806
anger (101).jpeg,0.349327,0.197968,0.0276598,0.0593222,0.365724
anger (102).jpeg,0.358879,0.0339781,0.130938,0.329667,0.146538
anger (103).jpeg,0.22922,0.182779,0.214977,0.274926,0.0980986
anger (104).jpeg,0.382497,0.135213,0.108077,0.144181,0.230033
anger (105).jpeg,0.124803,0.249361,0.266709,0.0764691,0.282658
anger (106).jpeg,0.262716,0.441108,0.0702285,0.140672,0.0852759
anger (107).jpeg,0.290263,0.197916,0.168315,0.193756,0.14975
anger (108).jpeg,0.0263778,0.73202,0.0394316,0.11442,0.0877497
anger (109).jpeg,0.309981,0.259087,0.141912,0.139037,0.149983
anger (11).jpeg,0.216532,0.0720651,0.135107,0.552334,0.0239613
anger (110).jpeg,0.0392733,0.235813,0.0829896,0.0978661,0.544058
anger (111).jpeg,0.511648,0.0127343,0.0483808,0.395396,0.0318402
anger (112).jpeg,0.0482212,0.544304,0.222046,0.0381335,0.147295
anger (113).jpeg,0.105001,0.440116,0.253076,0.100218,0.101588
anger (114).jpeg,0.04452,0.398819,0.364762,0.0125997,0.1793
anger (115).jpeg,0.16744,0.0530966,0.480387,0.0796734,0.219403
anger (116).jpeg,0.017584,0.214593,0.358593,0.0418756,0.367355
anger (117).jpeg,0.105002,0.0796106,0.267691,0.245344,0.302353
anger (118).jpeg,0.213378,0.194593,0.221551,0.177095,0.193383
anger (119).jpeg,0.118194,0.500333,0.0559171,0.253123,0.0724327
anger (12).jpeg,0.169904,0.137785,0.421983,0.119306,0.151022
anger (120).jpeg,0.212207,0.110281,0.0828602,0.439135,0.155518
anger (121).jpeg,0.290706,0.211217,0.0749491,0.212294,0.210834
anger (122).jpeg,0.206671,0.0303126,0.431049,0.123967,0.208
anger (123).jpeg,0.482727,0.165353,0.0460582,0.277287,0.0285743
anger (124).jpeg,0.199711,0.45428,0.0437982,0.26321,0.0390006
anger (125).jpeg,0.135199,0.281726,0.12528,0.436865,0.0209291
anger (126).jpeg,0.411589,0.0508217,0.122025,0.353384,0.0621808
anger (127).jpeg,0.0423665,0.546605,0.197423,0.11638,0.0972258
anger (128).jpeg,0.533855,0.0920082,0.137218,0.0988098,0.138109
anger (129).jpeg,0.316482,0.111814,0.141442,0.178214,0.252048
anger (13).jpeg,0.223324,0.0790569,0.117663,0.0988168,0.481139
anger (130).jpeg,0.0931963,0.210741,0.228639,0.194081,0.273343
anger (131).jpeg,0.350713,0.0571689,0.179238,0.0477151,0.365166
anger (132).jpeg,0.226834,0.0283001,0.0120573,0.687162,0.0456465
anger (133).jpeg,0.293357,0.111017,0.0693753,0.49729,0.0289607
anger (134).jpeg,0.604701,0.172005,0.108481,0.0827207,0.0320926
anger (135).jpeg,0.250966,0.181466,0.197782,0.276593,0.093192
anger (136).jpeg,0.0825054,0.367188,0.14525,0.120737,0.28432
anger (137).jpeg,0.297367,0.14156,0.0484696,0.349371,0.163232
anger (138).jpeg,0.167096,0.185685,0.467688,0.0758321,0.103699
anger (14).jpeg,0.0457331,0.334701,0.154069,0.200671,0.264825
anger (15).jpeg,0.31032,0.112206,0.0859278,0.2855,0.206046
anger (16).jpeg,0.119941,0.128428,0.27371,0.0481514,0.429769
anger (17).jpeg,0.406778,0.0415394,0.160041,0.248114,0.143527
anger (18).jpeg,0.0494719,0.146537,0.180541,0.575919,0.0475311
anger (19).jpeg,0.188056,0.137782,0.132113,0.453618,0.0884317
anger (2).jpeg,0.575683,0.0736182,0.104191,0.1435,0.103008
anger (20).jpeg,0.21076,0.168521,0.27109,0.0834971,0.266133
anger (21).jpeg,0.504576,0.0683314,0.169746,0.134884,0.122462
anger (22).jpeg,0.154519,0.226364,0.322486,0.266746,0.0298847
anger (23).jpeg,0.123308,0.250273,0.127712,0.152731,0.345976
anger (24).jpeg,0.55871,0.139386,0.0582791,0.148239,0.0953865
anger (25).jpeg,0.447229,0.162069,0.111453,0.130967,0.148282
anger (26).jpeg,0.140088,0.536385,0.128367,0.144795,0.0503654
anger (27).jpeg,0.0703324,0.0637214,0.217072,0.401105,0.247769
anger (28).jpeg,0.121135,0.223936,0.338194,0.14074,0.175995
anger (29).jpeg,0.119675,0.216149,0.184526,0.0960483,0.383602
anger (3).jpeg,0.476464,0.189783,0.0458,0.173755,0.114198
anger (30).jpeg,0.130567,0.23613,0.102699,0.141166,0.389438
anger (31).jpeg,0.0938337,0.262097,0.210283,0.184143,0.249643
anger (32).jpeg,0.154455,0.163228,0.153814,0.106543,0.42196
anger (33).jpeg,0.145575,0.126949,0.287635,0.0405534,0.399287
anger (34).jpeg,0.280224,0.0413201,0.138913,0.226711,0.312832
anger (35).jpeg,0.390581,0.0667911,0.186998,0.102567,0.253063
anger (36).jpeg,0.44252,0.0839767,0.113214,0.218804,0.141486
anger (37).jpeg,0.159897,0.120567,0.0882613,0.510695,0.12058
anger (38).jpeg,0.320479,0.144408,0.148122,0.194554,0.192437
anger (39).jpeg,0.0669443,0.188913,0.163204,0.259195,0.321744
anger (4).jpeg,0.27522,0.131177,0.252173,0.110649,0.230782
anger (40).jpeg,0.149126,0.135398,0.17945,0.388597,0.147429
anger (41).jpeg,0.0840206,0.179581,0.627227,0.0521195,0.0570514
anger (42).jpeg,0.195307,0.314942,0.0626401,0.288003,0.139108
anger (43).jpeg,0.0636166,0.289758,0.106071,0.444434,0.0961206
anger (44).jpeg,0.211568,0.0970218,0.320644,0.284047,0.0867195
anger (45).jpeg,0.464511,0.198779,0.14626,0.100892,0.089558
anger (46).jpeg,0.347947,0.166653,0.199306,0.0963037,0.18979
anger (47).jpeg,0.437025,0.0363386,0.172694,0.271156,0.0827864
anger (48).jpeg,0.416738,0.0473739,0.0910152,0.113777,0.331096
anger (49).jpeg,0.531387,0.102395,0.12995,0.0976667,0.138602
anger (5).jpeg,0.0831426,0.303033,0.0597222,0.0733997,0.480703
anger (50).jpeg,0.24953,0.148703,0.223493,0.212938,0.165336
anger (51).jpeg,0.443913,0.0709861,0.0879549,0.209247,0.187899
anger (52).jpeg,0.162967,0.348797,0.0980914,0.235891,0.154253
anger (53).jpeg,0.177704,0.278548,0.200576,0.214523,0.128649
anger (54).jpeg,0.244894,0.106523,0.0783521,0.48949,0.080741
anger (55).jpeg,0.191077,0.0892797,0.156215,0.110003,0.453426
anger (56).jpeg,0.167856,0.118929,0.176416,0.38952,0.147278
anger (57).jpeg,0.0974112,0.134663,0.131879,0.377255,0.258791
anger (58).jpeg,0.239131,0.207391,0.102385,0.258307,0.192787
anger (59).jpeg,0.239271,0.147118,0.172219,0.335518,0.105873
anger (6).jpeg,0.446824,0.0755013,0.0468271,0.156679,0.274168
anger (60).jpeg,0.177214,0.0967938,0.16746,0.499869,0.0586637
anger (61).jpeg,0.191049,0.241173,0.0788836,0.198604,0.29029
anger (62).jpeg,0.0803128,0.143417,0.314964,0.102548,0.358758
anger (63).jpeg,0.278164,0.161015,0.136723,0.154932,0.269166
anger (64).jpeg,0.170425,0.136847,0.176572,0.324472,0.191685
anger (65).jpeg,0.43033,0.114916,0.102529,0.261522,0.0907027
anger (66).jpeg,0.133079,0.450707,0.122773,0.0546851,0.238755
anger (67).jpeg,0.117914,0.0598944,0.364603,0.285148,0.17244
anger (68).jpeg,0.425809,0.0640507,0.18411,0.105787,0.220243
anger (69).jpeg,0.120527,0.187494,0.0974178,0.251276,0.343285
anger (7).jpeg,0.278382,0.227558,0.110177,0.236645,0.147237
anger (70).jpeg,0.420893,0.180283,0.0881111,0.26018,0.0505331
anger (71).jpeg,0.0121075,0.237946,0.320846,0.163547,0.265553
anger (72).jpeg,0.179898,0.0859638,0.0392068,0.678387,0.0165444
anger (73).jpeg,0.0099666,0.0627219,0.103869,0.794402,0.0290406
anger (74).jpeg,0.119642,0.333236,0.28328,0.0611417,0.2027
anger (75).jpeg,0.087729,0.0523088,0.158758,0.477359,0.223845
anger (76).jpeg,0.0363674,0.396553,0.257593,0.0553993,0.254087
anger (77).jpeg,0.248552,0.0959317,0.165439,0.349368,0.140709
anger (78).jpeg,0.337057,0.0902324,0.25532,0.295178,0.0222127
anger (79).jpeg,0.0668961,0.24654,0.429684,0.192215,0.0646655
anger (8).jpeg,0.283807,0.0751327,0.0959939,0.324367,0.220699
anger (80).jpeg,0.235145,0.130292,0.0617119,0.515348,0.0575029
anger (81).jpeg,0.0765341,0.0790191,0.164428,0.610969,0.0690494
anger (82).jpeg,0.271457,0.0632226,0.506484,0.0748141,0.084022
anger (83).jpeg,0.109092,0.436493,0.0487013,0.0923176,0.313396
anger (84).jpeg,0.194901,0.233268,0.0962007,0.384119,0.0915108
anger (85).jpeg,0.181702,0.117328,0.0604023,0.588641,0.051926
anger (86).jpeg,0.0882243,0.0525627,0.342039,0.315124,0.20205
anger (87).jpeg,0.13244,0.204374,0.13302,0.343358,0.186808
anger (88).jpeg,0.162338,0.36526,0.0510018,0.39565,0.0257495
anger (89).jpeg,0.218163,0.107543,0.227538,0.356082,0.0906741
anger (9).jpeg,0.56202,0.127542,0.0533829,0.162549,0.0945064
anger (90).jpeg,0.114082,0.39051,0.235982,0.0383438,0.221082
anger (91).jpeg,0.0776003,0.103169,0.0993268,0.700301,0.0196029
anger (92).jpeg,0.371559,0.0634257,0.306877,0.199197,0.0589407
anger (93).jpeg,0.162831,0.107034,0.163968,0.0334557,0.532711
anger (94).jpeg,0.52999,0.0738442,0.172503,0.106116,0.117547
anger (95).jpeg,0.0646595,0.138883,0.221922,0.323771,0.250764
anger (96).jpeg,0.181227,0.34197,0.0587573,0.382467,0.0355786
anger (97).jpeg,0.419771,0.0400521,0.279652,0.135536,0.124989
anger (98).jpeg,0.172715,0.113373,0.269588,0.181668,0.262656
anger (99).jpeg,0.151605,0.273333,0.0725279,0.214468,0.288065
fear (1).jpeg,0.29078,0.0378813,0.241669,0.0449953,0.384675
fear (10).jpeg,0.665079,0.088417,0.0967651,0.0943557,0.0553836
fear (100).jpeg,0.720492,0.0539432,0.0352474,0.106269,0.0840485
fear (101).jpeg,0.465002,0.0687881,0.0579689,0.239381,0.168861
fear (102).jpeg,0.183738,0.342172,0.264641,0.061663,0.147787
fear (103).jpeg,0.0368024,0.169579,0.0629054,0.693157,0.037556
fear (104).jpeg,0.466625,0.039689,0.103497,0.229495,0.160693
fear (105).jpeg,0.246571,0.227467,0.182696,0.245426,0.0978396
fear (106).jpeg,0.506495,0.103231,0.097298,0.136131,0.156845
fear (107).jpeg,0.231317,0.238701,0.16058,0.030988,0.338414
fear (108).jpeg,0.313129,0.212219,0.0636106,0.0525901,0.358451
fear (109).jpeg,0.326852,0.144295,0.142891,0.299238,0.0867238
fear (11).jpeg,0.16395,0.591199,0.076714,0.0395005,0.128637
fear (110).jpeg,0.529718,0.107671,0.0740834,0.125333,0.163194
fear (111).jpeg,0.165072,0.237364,0.0223197,0.499306,0.075938
fear (112).jpeg,0.100532,0.0740862,0.361639,0.10586,0.357882
fear (113).jpeg,0.279761,0.0624203,0.134396,0.177451,0.345972
fear (114).jpeg,0.232123,0.13532,0.23826,0.213478,0.180819
fear (115).jpeg,0.161481,0.15951,0.136283,0.476879,0.065847
fear (116).jpeg,0.10299,0.0625285,0.618501,0.115092,0.100888
fear (117).jpeg,0.691943,0.0243382,0.0877316,0.165632,0.0303553
fear (118).jpeg,0.332898,0.343156,0.0859593,0.0666063,0.171381
fear (119).jpeg,0.277571,0.204154,0.149902,0.145731,0.222642
fear (12).jpeg,0.087512,0.592035,0.0889891,0.19963,0.0318339
fear (120).jpeg,0.440478,0.335821,0.0425131,0.0894876,0.0917007
fear (121).jpeg,0.0835541,0.15084,0.126845,0.498913,0.139848
fear (122).jpeg,0.210786,0.119278,0.278721,0.271913,0.119302
fear (123).jpeg,0.236848,0.140635,0.0803974,0.315617,0.226503
fear (124).jpeg,0.130521,0.201665,0.279285,0.172937,0.215591
fear (125).jpeg,0.271233,0.0590505,0.159538,0.394628,0.11555
fear (126).jpeg,0.522274,0.0556134,0.0488848,0.325999,0.0472291
fear (127).jpeg,0.041204,0.369291,0.072269,0.144393,0.372842
fear (128).jpeg,0.250166,0.130659,0.0907948,0.435723,0.0926576
fear (129).jpeg,0.210399,0.0730144,0.0465881,0.647516,0.022482
fear (13).jpeg,0.291662,0.234277,0.173695,0.225093,0.075273
fear (130).jpeg,0.41485,0.102305,0.0695692,0.071712,0.341564
fear (131).jpeg,0.573792,0.0323962,0.0759561,0.0906004,0.227256
fear (14).jpeg,0.361357,0.0842125,0.0549838,0.174906,0.324541
fear (15).jpeg,0.253352,0.108899,0.0829016,0.137909,0.416939
fear (16).jpeg,0.513417,0.170679,0.0725743,0.149275,0.0940544
fear (17).jpeg,0.217783,0.0853255,0.461399,0.155157,0.0803353
fear (18).jpeg,0.394972,0.0924843,0.134807,0.0894281,0.288309
fear (19).jpeg,0.190157,0.0540736,0.41685,0.164688,0.17423
fear (2).jpeg,0.351911,0.176089,0.0532095,0.258745,0.160046
fear (20).jpeg,0.477612,0.214804,0.0573225,0.186053,0.0642084
fear (21).jpeg,0.17071,0.10818,0.189755,0.298847,0.232509
fear (22).jpeg,0.267703,0.207127,0.0659978,0.131075,0.328098
fear (23).jpeg,0.150109,0.245005,0.0211368,0.508231,0.0755178
fear (24).jpeg,0.256442,0.0499997,0.142684,0.525863,0.0250119
fear (25).jpeg,0.328309,0.146255,0.133921,0.291179,0.100337
fear (26).jpeg,0.283953,0.114259,0.236476,0.180929,0.184383
fear (27).jpeg,0.38289,0.0730107,0.126764,0.323051,0.0942842
fear (28).jpeg,0.324928,0.111038,0.0425937,0.183966,0.337474
fear (29).jpeg,0.0780228,0.307896,0.313235,0.0255694,0.275277
fear (3).jpeg,0.100299,0.198193,0.203937,0.229682,0.26789
fear (30).jpeg,0.336825,0.0810744,0.122782,0.339426,0.119892
fear (31).jpeg,0.636726,0.0493875,0.0461012,0.236256,0.0315285
fear (32).jpeg,0.61582,0.068975,0.152318,0.0928477,0.0700392
fear (33).jpeg,0.024129,0.553272,0.0536216,0.131977,0.237001
fear (34).jpeg,0.113068,0.0681213,0.0141081,0.786929,0.0177736
fear (35).jpeg,0.212656,0.240489,0.103394,0.139787,0.303673
fear (36).jpeg,0.472042,0.121881,0.0196543,0.376995,0.00942685
fear (37).jpeg,0.33964,0.109841,0.120761,0.0573235,0.372434
fear (38).jpeg,0.162686,0.262249,0.311815,0.128669,0.134582
fear (39).jpeg,0.234174,0.162305,0.229359,0.261576,0.112586
fear (4).jpeg,0.459453,0.189622,0.05488,0.18473,0.111314
fear (40).jpeg,0.362215,0.129966,0.0963671,0.227389,0.184062
fear (41).jpeg,0.465193,0.0928106,0.116265,0.0965894,0.229142
fear (42).jpeg,0.388949,0.163179,0.0889856,0.115685,0.243202
fear (43).jpeg,0.202759,0.0496975,0.226949,0.445136,0.0754585
fear (44).jpeg,0.510372,0.0840299,0.0758011,0.149891,0.179907
fear (45).jpeg,0.255547,0.100597,0.364334,0.0549542,0.224568
fear (46).jpeg,0.123348,0.166374,0.0419543,0.436736,0.231587
fear (47).jpeg,0.445986,0.0787774,0.0829379,0.33853,0.0537684
fear (48).jpeg,0.285304,0.288944,0.0694589,0.324512,0.0317818
fear (49).jpeg,0.477142,0.0406435,0.113547,0.275617,0.0930498
fear (5).jpeg,0.108725,0.19146,0.0434524,0.636761,0.0196018
fear (50).jpeg,0.241326,0.0649048,0.37838,0.0601945,0.255194
fear (51).jpeg,0.301107,0.0577992,0.268688,0.139589,0.232816
fear (52).jpeg,0.327375,0.112175,0.239672,0.230206,0.0905725
fear (53).jpeg,0.205984,0.328142,0.158617,0.0514159,0.255841
fear (54).jpeg,0.11971,0.12974,0.403882,0.191066,0.155601
fear (55).jpeg,0.124803,0.249361,0.266709,0.0764691,0.282658
fear (56).jpeg,0.595326,0.0124037,0.0142461,0.219384,0.158641
fear (57).jpeg,0.352892,0.351585,0.0522133,0.179246,0.0640632
fear (58).jpeg,0.373566,0.163965,0.0434816,0.270065,0.148923
fear (59).jpeg,0.113416,0.0821875,0.512614,0.126851,0.164933
fear (6).jpeg,0.350577,0.0640778,0.0953508,0.411369,0.0786255
fear (60).jpeg,0.294845,0.462666,0.0922758,0.0375611,0.112652
fear (61).jpeg,0.142675,0.268382,0.17136,0.267591,0.149992
fear (62).jpeg,0.333846,0.270207,0.122541,0.197169,0.0762364
fear (63).jpeg,0.218174,0.144076,0.110873,0.17074,0.356137
fear (64).jpeg,0.386148,0.187286,0.097892,0.146322,0.182352
fear (65).jpeg,0.39659,0.10065,0.156369,0.315936,0.030455
fear (66).jpeg,0.343672,0.157048,0.159939,0.195787,0.143555
fear (67).jpeg,0.510179,0.204058,0.0784252,0.114277,0.093061
fear (68).jpeg,0.214675,0.0424262,0.203702,0.51123,0.0279665
fear (69).jpeg,0.312319,0.168872,0.126535,0.132501,0.259772
fear (7).jpeg,0.246346,0.277928,0.0693796,0.165388,0.240958
fear (70).jpeg,0.392444,0.128636,0.225775,0.175804,0.0773404
fear (71).jpeg,0.385035,0.162436,0.238508,0.0691924,0.144829
fear (72).jpeg,0.118572,0.128475,0.273051,0.27028,0.209621
fear (73).jpeg,0.236358,0.287002,0.141132,0.25206,0.0834486
fear (74).jpeg,0.227511,0.0661199,0.150986,0.387865,0.167518
fear (75).jpeg,0.192231,0.388361,0.0905828,0.202431,0.126395
fear (76).jpeg,0.10306,0.522676,0.100056,0.18374,0.0904669
fear (77).jpeg,0.0405204,0.372618,0.250741,0.183849,0.152271
fear (78).jpeg,0.478918,0.200265,0.056805,0.182583,0.0814291
fear (79).jpeg,0.198306,0.274159,0.166148,0.0962318,0.265155
fear (8).jpeg,0.110652,0.278954,0.255073,0.192152,0.163169
fear (80).jpeg,0.437499,0.098356,0.102135,0.302831,0.0591786
fear (81).jpeg,0.161976,0.102785,0.10083,0.61956,0.0148496
fear (82).jpeg,0.0750913,0.0864984,0.727028,0.0547266,0.0566558
fear (83).jpeg,0.0529014,0.334951,0.355397,0.0534608,0.20329
fear (84).jpeg,0.0372217,0.18162,0.219141,0.0766147,0.485402
fear (85).jpeg,0.292011,0.171868,0.211771,0.21635,0.107999
fear (86).jpeg,0.305327,0.132462,0.173507,0.0836516,0.305052
fear (87).jpeg,0.247904,0.287115,0.0588271,0.370958,0.0351956
fear (88).jpeg,0.0944483,0.232504,0.131158,0.159797,0.382093
fear (89).jpeg,0.362159,0.0800212,0.0662417,0.138564,0.353014
fear (9).jpeg,0.59121,0.00873426,0.314566,0.0435732,0.0419167
fear (90).jpeg,0.572249,0.0782279,0.139052,0.0439713,0.1665
fear (91).jpeg,0.274991,0.5366,0.00630075,0.0163164,0.165791
fear (92).jpeg,0.355907,0.154848,0.258066,0.129023,0.102155
fear (93).jpeg,0.508597,0.0813131,0.04183,0.343384,0.0248751
fear (94).jpeg,0.0941791,0.387912,0.228664,0.0548493,0.234395
fear (95).jpeg,0.543875,0.0805978,0.03015,0.120416,0.224962
fear (96).jpeg,0.152332,0.181561,0.0879237,0.210526,0.367657
fear (97).jpeg,0.199069,0.134756,0.0589402,0.495915,0.111319
fear (98).jpeg,0.3435,0.138954,0.126785,0.317701,0.0730607
fear (99).jpeg,0.0554703,0.525802,0.0842462,0.0226367,0.311844
happy (1).jpeg,0.0298277,0.854919,0.0574298,0.0206718,0.0371512
happy (10).jpeg,0.0877262,0.276176,0.392605,0.0391901,0.204303
happy (100).jpeg,0.192614,0.673315,0.0181841,0.0743306,0.0415565
happy (101).jpeg,0.0307467,0.496765,0.203458,0.136807,0.132224
happy (102).jpeg,0.135868,0.219998,0.30888,0.145273,0.189981
happy (103).jpeg,0.0289377,0.256323,0.125104,0.270122,0.319514
happy (104).jpeg,0.161571,0.138639,0.180836,0.300646,0.21831
happy (105).jpeg,0.235341,0.269337,0.0784263,0.374516,0.0423798
happy (106).jpeg,0.0341287,0.622889,0.0899873,0.110583,0.142412
happy (107).jpeg,0.353998,0.109298,0.0535586,0.407844,0.0753019
happy (108).jpeg,0.469536,0.0545873,0.146936,0.224397,0.104543
happy (109).jpeg,0.18156,0.0440983,0.0236244,0.737598,0.0131186
happy (11).jpeg,0.226316,0.227517,0.14804,0.168386,0.229742
happy (110).jpeg,0.20995,0.143146,0.252181,0.228037,0.166685
happy (111).jpeg,0.085809,0.394688,0.3852,0.0342391,0.100063
happy (112).jpeg,0.113966,0.625812,0.0644767,0.113925,0.0818199
happy (113).jpeg,0.0621825,0.336695,0.112346,0.13044,0.358337
happy (114).jpeg,0.250511,0.344571,0.0526936,0.140024,0.212201
happy (115).jpeg,0.0463667,0.423469,0.118944,0.270722,0.140499
happy (116).jpeg,0.0801572,0.547799,0.247247,0.0349199,0.0898769
happy (117).jpeg,0.284949,0.335671,0.117855,0.11373,0.147795
happy (118).jpeg,0.181645,0.148958,0.0701465,0.548293,0.0509582
happy (119).jpeg,0.101704,0.114777,0.0179502,0.731326,0.0342429
happy (12).jpeg,0.104082,0.402079,0.357723,0.102726,0.0333899
happy (120).jpeg,0.0704623,0.190161,0.278526,0.146539,0.314312
happy (121).jpeg,0.0231218,0.11943,0.470103,0.0262555,0.36109
happy (122).jpeg,0.352644,0.518873,0.0646718,0.0473704,0.0164408
happy (123).jpeg,0.326697,0.144468,0.127648,0.241289,0.159898
happy (124).jpeg,0.441403,0.141215,0.0959696,0.264085,0.057328
happy (125).jpeg,0.197402,0.10087,0.117437,0.535971,0.0483206
happy (126).jpeg,0.0210136,0.551174,0.220813,0.0922555,0.114743
happy (127).jpeg,0.103723,0.51843,0.0587513,0.0865843,0.232511
happy (128).jpeg,0.102909,0.13783,0.140556,0.581339,0.037366
happy (129).jpeg,0.0831667,0.298039,0.0579991,0.0852483,0.475547
happy (13).jpeg,0.0710012,0.646326,0.115544,0.103042,0.0640865
happy (130).jpeg,0.166917,0.129051,0.0673429,0.570034,0.0666548
happy (131).jpeg,0.0603378,0.290563,0.0849016,0.343744,0.220454
happy (132).jpeg,0.0206684,0.57663,0.295709,0.0175269,0.0894657
happy (133).jpeg,0.0479817,0.185444,0.259151,0.356641,0.150782
happy (134).jpeg,0.300835,0.150636,0.209123,0.202782,0.136624
happy (135).jpeg,0.0945304,0.398365,0.209268,0.191321,0.106515
happy (136).jpeg,0.13158,0.455708,0.111258,0.192109,0.109345
happy (137).jpeg,0.227839,0.418121,0.242183,0.0806667,0.0311895
happy (138).jpeg,0.36378,0.0110878,0.300187,0.0360017,0.288944
happy (139).jpeg,0.112052,0.569386,0.0445398,0.24061,0.033412
happy (14).jpeg,0.115494,0.0965163,0.0724592,0.150199,0.565332
happy (140).jpeg,0.0522794,0.533359,0.175466,0.146253,0.0926429
happy (141).jpeg,0.197079,0.0917168,0.1729,0.382019,0.156286
happy (142).jpeg,0.0654469,0.649508,0.143309,0.0348898,0.106847
happy (143).jpeg,0.105462,0.520591,0.0824047,0.170759,0.120784
happy (144).jpeg,0.0247507,0.263399,0.364858,0.0714353,0.275556
happy (145).jpeg,0.0438363,0.102417,0.652601,0.00722558,0.19392
happy (146).jpeg,0.188036,0.385354,0.109287,0.0756396,0.241683
happy (147).jpeg,0.125759,0.350193,0.172103,0.199707,0.152239
happy (148).jpeg,0.0133424,0.845613,0.0954075,0.0139269,0.03171
happy (149).jpeg,0.191237,0.434147,0.194802,0.047543,0.132271
happy (15).jpeg,0.24344,0.167177,0.0600078,0.467789,0.0615857
happy (150).jpeg,0.101748,0.215732,0.261056,0.310033,0.111431
happy (151).jpeg,0.104917,0.170229,0.29108,0.145207,0.288568
happy (152).jpeg,0.432709,0.0885802,0.0668079,0.147393,0.26451
happy (153).jpeg,0.0364103,0.646511,0.161265,0.062959,0.0928547
happy (154).jpeg,0.165759,0.374853,0.100629,0.327674,0.0310855
happy (155).jpeg,0.00496039,0.367444,0.143993,0.0225566,0.461046
happy (156).jpeg,0.137899,0.217009,0.134155,0.320385,0.190551
happy (157).jpeg,0.0680408,0.413369,0.310982,0.146112,0.0614954
happy (158).jpeg,0.190847,0.304993,0.055626,0.131725,0.31681
happy (159).jpeg,0.0289277,0.741235,0.100866,0.0616815,0.0672897
happy (16).jpeg,0.0287004,0.496663,0.345405,0.0468931,0.0823383
happy (160).jpeg,0.202329,0.134493,0.112626,0.242567,0.307985
happy (161).jpeg,0.24477,0.276152,0.0719351,0.328938,0.0782054
happy (162).jpeg,0.0200825,0.657569,0.0141603,0.191409,0.11678
happy (163).jpeg,0.163443,0.10365,0.136351,0.244062,0.352494
happy (164).jpeg,0.136026,0.425598,0.240243,0.0898673,0.108266
happy (165).jpeg,0.0307313,0.67968,0.168678,0.0916046,0.0293062
happy (166).jpeg,0.135711,0.293057,0.128879,0.0852456,0.357108
happy (167).jpeg,0.0520689,0.305695,0.459468,0.0601849,0.122583
happy (168).jpeg,0.0466488,0.735329,0.0419459,0.0785765,0.0974996
happy (169).jpeg,0.131804,0.357013,0.321441,0.0373495,0.152393
happy (17).jpeg,0.0679262,0.503859,0.187021,0.134737,0.106458
happy (170).jpeg,0.0194476,0.418141,0.305276,0.0762495,0.180886
happy (171).jpeg,0.0949664,0.169024,0.185583,0.0670941,0.483332
happy (172).jpeg,0.0253121,0.806524,0.0985089,0.0294908,0.0401644
happy (173).jpeg,0.027878,0.434459,0.130712,0.0766835,0.330268
happy (174).jpeg,0.111595,0.141829,0.588179,0.0581223,0.100276
happy (175).jpeg,0.29573,0.237498,0.151955,0.208735,0.106083
happy (176).jpeg,0.0389585,0.521799,0.155109,0.076517,0.207617
happy (177).jpeg,0.14933,0.0996806,0.319082,0.117537,0.314371
happy (178).jpeg,0.329655,0.119615,0.234435,0.166958,0.149336
happy (179).jpeg,0.385355,0.251224,0.0761002,0.163113,0.124208
happy (18).jpeg,0.328701,0.108397,0.212578,0.0932404,0.257084
happy (180).jpeg,0.0784477,0.609249,0.0943449,0.11379,0.104168
happy (181).jpeg,0.353415,0.228145,0.0886497,0.238249,0.0915412
happy (182).jpeg,0.0625917,0.665748,0.139728,0.0733089,0.0586234
happy (183).jpeg,0.360189,0.294526,0.063433,0.09117,0.190681
happy (184).jpeg,0.184227,0.47546,0.108184,0.0388525,0.193277
happy (185).jpeg,0.0197069,0.797437,0.0602708,0.0546353,0.0679501
happy (186).jpeg,0.083705,0.351881,0.152331,0.25212,0.159963
happy (187).jpeg,0.198561,0.157939,0.251612,0.293088,0.0987988
happy (188).jpeg,0.136875,0.223462,0.37268,0.0284339,0.238549
happy (189).jpeg,0.351252,0.17407,0.19431,0.166033,0.114335
happy (19).jpeg,0.31574,0.186833,0.0899815,0.348761,0.0586848
happy (190).jpeg,0.491887,0.0484766,0.138145,0.109108,0.212384
happy (191).jpeg,0.15009,0.252035,0.115747,0.159767,0.322361
happy (192).jpeg,0.290915,0.390191,0.113583,0.0563943,0.148917
happy (193).jpeg,0.529211,0.0804819,0.131898,0.0724782,0.185931
happy (194).jpeg,0.159925,0.106475,0.498184,0.163494,0.071923
happy (195).jpeg,0.0988512,0.127335,0.355772,0.346278,0.0717637
happy (196).jpeg,0.150138,0.498252,0.0901993,0.11215,0.14926
happy (197).jpeg,0.116684,0.0392045,0.597481,0.182245,0.0643852
happy (198).jpeg,0.113976,0.362549,0.102057,0.135716,0.285701
happy (199).jpeg,0.122535,0.280008,0.321333,0.0808307,0.195294
happy (2).jpeg,0.141177,0.481862,0.0546722,0.121809,0.20048
happy (20).jpeg,0.163918,0.245532,0.292288,0.189725,0.108537
happy (200).jpeg,0.0680149,0.653495,0.146627,0.0259649,0.105899
happy (201).jpeg,0.0318446,0.711745,0.0626299,0.0632605,0.13052
happy (202).jpeg,0.0123252,0.819085,0.105707,0.0223013,0.040582
happy (203).jpeg,0.213406,0.077388,0.291604,0.198826,0.218777
happy (204).jpeg,0.203731,0.088665,0.161984,0.246692,0.298928
happy (205).jpeg,0.16548,0.342477,0.111401,0.308481,0.0721617
happy (206).jpeg,0.0929951,0.38768,0.187656,0.124756,0.206914
happy (207).jpeg,0.392546,0.159552,0.165276,0.150918,0.131708
happy (208).jpeg,0.0676228,0.536419,0.233307,0.070774,0.0918768
happy (209).jpeg,0.147225,0.129301,0.248875,0.169091,0.305508
happy (21).jpeg,0.0529857,0.74611,0.0510075,0.0901145,0.0597825
happy (210).jpeg,0.0121413,0.810351,0.0996244,0.026799,0.0510846
happy (211).jpeg,0.19365,0.30384,0.142393,0.21634,0.143777
happy (212).jpeg,0.243139,0.179969,0.22158,0.242132,0.11318
happy (213).jpeg,0.05946,0.454137,0.0743657,0.0262871,0.38575
happy (214).jpeg,0.144914,0.523957,0.110559,0.104654,0.115916
happy (215).jpeg,0.389449,0.246117,0.102109,0.175668,0.0866576
happy (216).jpeg,0.0393984,0.27526,0.126598,0.318113,0.240631
happy (217).jpeg,0.1584,0.0571483,0.232949,0.325326,0.226177
happy (218).jpeg,0.40619,0.174039,0.134392,0.167031,0.118348
happy (219).jpeg,0.0399347,0.526096,0.224348,0.17287,0.0367509
happy (22).jpeg,0.21342,0.121043,0.286448,0.31104,0.0680484
happy (220).jpeg,0.154687,0.16828,0.256125,0.0972771,0.323631
happy (221).jpeg,0.121279,0.0628678,0.25877,0.415496,0.141587
happy (222).jpeg,0.0721602,0.609038,0.12757,0.145812,0.0454195
happy (223).jpeg,0.25624,0.194242,0.340282,0.0242375,0.184999
happy (224).jpeg,0.0639634,0.24503,0.119445,0.0182275,0.553334
happy (225).jpeg,0.217982,0.110961,0.177174,0.288881,0.205002
happy (226).jpeg,0.160856,0.125754,0.302534,0.289422,0.121434
happy (227).jpeg,0.116382,0.17946,0.0938681,0.506242,0.104047
happy (228).jpeg,0.575887,0.0768366,0.0675812,0.27222,0.00747591
happy (229).jpeg,0.198841,0.102545,0.23164,0.195564,0.27141
happy (23).jpeg,0.143261,0.144577,0.103851,0.0357372,0.572574
happy (230).jpeg,0.098304,0.0701321,0.102033,0.382408,0.347122
happy (231).jpeg,0.385418,0.110257,0.247263,0.163205,0.0938565
happy (232).jpeg,0.0434801,0.615677,0.0372573,0.252772,0.0508135
happy (233).jpeg,0.016465,0.435367,0.427565,0.0631864,0.057417
happy (234).jpeg,0.14394,0.240524,0.187303,0.276391,0.151841
happy (235).jpeg,0.121073,0.449405,0.0462011,0.360201,0.0231198
happy (236).jpeg,0.0746429,0.487629,0.27966,0.0582049,0.099863
happy (237).jpeg,0.0522256,0.354298,0.42035,0.0436337,0.129493
happy (238).jpeg,0.455094,0.0481661,0.0730559,0.212206,0.211479
happy (239).jpeg,0.167222,0.550516,0.0588228,0.179641,0.0437977
happy (24).jpeg,0.0621688,0.558324,0.20732,0.0295544,0.142632
happy (240).jpeg,0.0153759,0.320266,0.42324,0.0652314,0.175887
happy (241).jpeg,0.0359648,0.44333,0.381087,0.0713693,0.0682486
happy (242).jpeg,0.111434,0.137112,0.35864,0.0551773,0.337636
happy (243).jpeg,0.0871451,0.63572,0.0613965,0.118373,0.0973658
happy (244).jpeg,0.0362945,0.646483,0.164694,0.0476481,0.104881
happy (245).jpeg,0.235175,0.421293,0.0675374,0.184493,0.0915019
happy (246).jpeg,0.266283,0.16779,0.330868,0.0732946,0.161765
happy (247).jpeg,0.0302078,0.765783,0.0940021,0.0266531,0.0833536
happy (248).jpeg,0.601151,0.179445,0.0822822,0.0518041,0.0853171
happy (249).jpeg,0.371435,0.409523,0.0241281,0.153347,0.0415668
happy (25).jpeg,0.288231,0.0746978,0.250169,0.065006,0.321896
happy (250).jpeg,0.461272,0.117313,0.0516434,0.24064,0.129131
happy (251).jpeg,0.106,0.170094,0.153646,0.319386,0.250873
happy (252).jpeg,0.115209,0.240753,0.239218,0.15227,0.25255
happy (253).jpeg,0.123742,0.182825,0.0410655,0.508002,0.144366
happy (254).jpeg,0.0491008,0.163391,0.00355843,0.78267,0.00127913
happy (255).jpeg,0.00699783,0.776127,0.0939943,0.0242291,0.0986518
happy (256).jpeg,0.226257,0.12482,0.218506,0.175124,0.255293
happy (257).jpeg,0.122117,0.0939196,0.389721,0.0791359,0.315106
happy (26).jpeg,0.0901281,0.499258,0.228742,0.107626,0.0742459
happy (27).jpeg,0.0640175,0.225668,0.0657915,0.257957,0.386565
happy (28).jpeg,0.138999,0.598888,0.136392,0.0709226,0.0547979
happy (29).jpeg,0.131878,0.334046,0.315852,0.0737216,0.144501
happy (3).jpeg,0.164592,0.164208,0.048763,0.567199,0.055238
happy (30).jpeg,0.0895301,0.423345,0.140731,0.0395907,0.306803
happy (31).jpeg,0.318424,0.345016,0.128811,0.155369,0.0523789
happy (32).jpeg,0.0298708,0.566241,0.251706,0.0213804,0.130802
happy (33).jpeg,0.208276,0.280891,0.337866,0.0754775,0.097489
happy (34).jpeg,0.052549,0.696477,0.0806542,0.088892,0.0814274
happy (35).jpeg,0.282718,0.144264,0.175163,0.369829,0.0280247
happy (36).jpeg,0.135003,0.267584,0.335583,0.189974,0.0718563
happy (37).jpeg,0.035436,0.12873,0.242155,0.159245,0.434433
happy (38).jpeg,0.0749267,0.534128,0.0618354,0.221062,0.108048
happy (39).jpeg,0.128965,0.444386,0.0502431,0.15163,0.224776
happy (4).jpeg,0.0742706,0.445736,0.27217,0.0698074,0.138016
happy (40).jpeg,0.084149,0.187431,0.273235,0.161269,0.293916
happy (41).jpeg,0.116334,0.476735,0.0594679,0.0222371,0.325226
happy (42).jpeg,0.0292949,0.388977,0.239398,0.0446516,0.297678
happy (43).jpeg,0.326717,0.187989,0.271017,0.1219,0.0923769
happy (44).jpeg,0.0297451,0.266184,0.261904,0.0810018,0.361165
happy (45).jpeg,0.119473,0.152381,0.188703,0.323982,0.215461
happy (46).jpeg,0.325823,0.0549886,0.113684,0.483191,0.022313
happy (47).jpeg,0.0804985,0.296982,0.27824,0.0937234,0.250556
happy (48).jpeg,0.0790554,0.455299,0.18133,0.0613547,0.222962
happy (49).jpeg,0.109741,0.13135,0.316759,0.303345,0.138806
happy (5).jpeg,0.36936,0.205801,0.138609,0.134707,0.151522
happy (50).jpeg,0.0455844,0.527434,0.0937023,0.190833,0.142446
happy (51).jpeg,0.0920539,0.759307,0.0478346,0.0729467,0.0278582
happy (52).jpeg,0.130411,0.275622,0.276704,0.158212,0.159051
happy (53).jpeg,0.3065,0.210744,0.143378,0.172858,0.166519
happy (54).jpeg,0.186248,0.486032,0.116626,0.0769936,0.134101
happy (55).jpeg,0.123114,0.22722,0.0390605,0.0744332,0.536173
happy (56).jpeg,0.118031,0.227653,0.280523,0.109941,0.263852
happy (57).jpeg,0.10456,0.438079,0.150979,0.0558091,0.250572
happy (58).jpeg,0.257263,0.327001,0.0922068,0.0789013,0.244628
happy (59).jpeg,0.0543233,0.582908,0.0935509,0.0966031,0.172615
happy (6).jpeg,0.165971,0.191922,0.193113,0.345057,0.103937
happy (60).jpeg,0.452833,0.126602,0.0824323,0.146497,0.191635
happy (61).jpeg,0.279062,0.158784,0.180387,0.241444,0.140323
happy (62).jpeg,0.10331,0.3039,0.132751,0.169515,0.290524
happy (63).jpeg,0.133304,0.432061,0.051933,0.316082,0.0666199
happy (64).jpeg,0.356616,0.0843995,0.0864992,0.38338,0.0891058
happy (65).jpeg,0.100576,0.661299,0.0465987,0.129693,0.0618346
happy (66).jpeg,0.103371,0.354494,0.131002,0.117332,0.2938
happy (67).jpeg,0.0724116,0.421788,0.338004,0.146349,0.0214469
happy (68).jpeg,0.0943724,0.168057,0.19458,0.213139,0.329851
happy (69).jpeg,0.0163707,0.228985,0.36333,0.0170756,0.374238
happy (7).jpeg,0.0235076,0.570406,0.100594,0.0505158,0.254976
happy (70).jpeg,0.168329,0.168959,0.219281,0.224461,0.21897
happy (71).jpeg,0.14212,0.416274,0.111425,0.195164,0.135018
happy (72).jpeg,0.11936,0.595717,0.128397,0.0701794,0.0863467
happy (73).jpeg,0.444828,0.339496,0.032183,0.0754175,0.108076
happy (74).jpeg,0.136741,0.312568,0.153219,0.0132767,0.384195
happy (75).jpeg,0.117006,0.174337,0.203947,0.276623,0.228087
happy (76).jpeg,0.153251,0.215421,0.210288,0.381174,0.0398667
happy (77).jpeg,0.176871,0.105529,0.140943,0.313807,0.262851
happy (78).jpeg,0.274298,0.156585,0.116044,0.0764973,0.376575
happy (79).jpeg,0.126027,0.226648,0.292462,0.166437,0.188427
happy (8).jpeg,0.182259,0.180724,0.0668794,0.337224,0.232913
happy (80).jpeg,0.399558,0.0813723,0.18317,0.124542,0.211357
happy (81).jpeg,0.424117,0.0382903,0.21152,0.0785962,0.247477
happy (82).jpeg,0.0949762,0.524478,0.101168,0.0939441,0.185434
happy (83).jpeg,0.189232,0.106896,0.193781,0.278958,0.231133
happy (84).jpeg,0.0441099,0.568805,0.249857,0.0760805,0.0611481
happy (85).jpeg,0.186667,0.150158,0.361268,0.14226,0.159647
happy (86).jpeg,0.233364,0.515194,0.0523901,0.155185,0.0438674
happy (87).jpeg,0.185475,0.287825,0.104327,0.0550798,0.367293
happy (88).jpeg,0.105665,0.0621679,0.208134,0.0414571,0.582576
happy (89).jpeg,0.156408,0.479175,0.0784289,0.208367,0.0776211
happy (9).jpeg,0.180537,0.147117,0.367109,0.0370289,0.268208
happy (90).jpeg,0.0681091,0.439768,0.284568,0.0251099,0.182446
happy (91).jpeg,0.0889994,0.278716,0.141624,0.366294,0.124366
happy (92).jpeg,0.0777034,0.580002,0.189146,0.0456279,0.10752
happy (93).jpeg,0.143697,0.231673,0.229877,0.0976995,0.297053
happy (94).jpeg,0.072034,0.277452,0.280528,0.19782,0.172166
happy (95).jpeg,0.0718345,0.108002,0.241226,0.0499389,0.528998
happy (96).jpeg,0.0842132,0.369141,0.28816,0.185266,0.0732192
happy (97).jpeg,0.160639,0.277539,0.326919,0.129607,0.105295
happy (98).jpeg,0.183087,0.340537,0.163402,0.22643,0.0865433
happy (99).jpeg,0.191208,0.0557193,0.119222,0.340121,0.293729
neutral (1).jpeg,0.155573,0.249559,0.295743,0.192736,0.10639
neutral (10).jpeg,0.0869932,0.58096,0.0661308,0.0643649,0.201551
neutral (100).jpeg,0.0782685,0.399882,0.309322,0.0312258,0.181302
neutral (101).jpeg,0.117141,0.228892,0.248296,0.242103,0.163569
neutral (102).jpeg,0.0347499,0.610313,0.127355,0.0755481,0.152034
neutral (103).jpeg,0.130141,0.121525,0.204323,0.40244,0.14157
neutral (104).jpeg,0.141303,0.108555,0.305364,0.0313816,0.413396
neutral (105).jpeg,0.289612,0.158474,0.113001,0.372385,0.0665275
neutral (106).jpeg,0.0658177,0.575306,0.202402,0.117261,0.0392122
neutral (107).jpeg,0.0982808,0.258959,0.264356,0.249598,0.128806
neutral (108).jpeg,0.239491,0.347562,0.128962,0.229561,0.0544237
neutral (109).jpeg,0.17753,0.161645,0.117882,0.339741,0.203202
neutral (11).jpeg,0.26746,0.134057,0.18056,0.299782,0.11814
neutral (110).jpeg,0.180448,0.437209,0.171065,0.084462,0.126815
neutral (111).jpeg,0.207261,0.0662879,0.350847,0.309009,0.0665948
neutral (112).jpeg,0.33535,0.21084,0.0645884,0.303364,0.0858565
neutral (113).jpeg,0.107006,0.223529,0.366524,0.277612,0.0253292
neutral (114).jpeg,0.0564398,0.406825,0.229123,0.181029,0.126583
neutral (115).jpeg,0.119512,0.197907,0.275029,0.195656,0.211896
neutral (116).jpeg,0.204251,0.167197,0.324601,0.120752,0.183198
neutral (117).jpeg,0.119598,0.178179,0.486291,0.0354014,0.180531
neutral (118).jpeg,0.309488,0.122087,0.0728202,0.404953,0.0906519
neutral (119).jpeg,0.338742,0.0744627,0.363695,0.151005,0.0720947
neutral (12).jpeg,0.238115,0.0824122,0.409997,0.240324,0.0291516
neutral (120).jpeg,0.144773,0.227246,0.19671,0.282284,0.148987
neutral (121).jpeg,0.06654,0.217085,0.326538,0.271353,0.118483
neutral (122).jpeg,0.029021,0.179143,0.220608,0.101531,0.469697
neutral (123).jpeg,0.210335,0.0443686,0.236148,0.094763,0.414385
neutral (124).jpeg,0.0370481,0.414246,0.246621,0.0833139,0.218771
neutral (125).jpeg,0.212436,0.171039,0.257251,0.0448674,0.314407
neutral (126).jpeg,0.0491288,0.255572,0.272731,0.197479,0.22509
neutral (127).jpeg,0.205479,0.233604,0.243176,0.201766,0.115975
neutral (128).jpeg,0.172434,0.212797,0.124763,0.33456,0.155446
neutral (129).jpeg,0.181634,0.193784,0.245737,0.32279,0.0560546
neutral (13).jpeg,0.0883253,0.144407,0.290932,0.128043,0.348293
neutral (130).jpeg,0.136772,0.496587,0.166196,0.030977,0.169468
neutral (131).jpeg,0.25888,0.117932,0.0808315,0.509892,0.0324642
neutral (14).jpeg,0.067103,0.0644251,0.38108,0.183395,0.303997
neutral (15).jpeg,0.165547,0.125173,0.232851,0.138793,0.337636
neutral (16).jpeg,0.108971,0.528817,0.08652,0.087056,0.188636
neutral (17).jpeg,0.502466,0.0714664,0.239597,0.0828545,0.103616
neutral (18).jpeg,0.200507,0.167896,0.183446,0.3913,0.0568504
neutral (19).jpeg,0.140318,0.183412,0.231989,0.276839,0.167441
neutral (2).jpeg,0.136938,0.0974411,0.141666,0.465457,0.158498
neutral (20).jpeg,0.0763257,0.174758,0.366531,0.316635,0.0657497
neutral (21).jpeg,0.0376344,0.0555125,0.826283,0.0372192,0.0433511
neutral (22).jpeg,0.440563,0.23002,0.178828,0.0695335,0.0810555
neutral (23).jpeg,0.0892916,0.216566,0.504629,0.0669222,0.122591
neutral (24).jpeg,0.204584,0.0659652,0.150812,0.282853,0.295786
neutral (25).jpeg,0.0916159,0.251778,0.205411,0.276716,0.174479
neutral (26).jpeg,0.407196,0.252941,0.0855552,0.21424,0.0400669
neutral (27).jpeg,0.0553548,0.380653,0.451781,0.0356812,0.0765295
neutral (28).jpeg,0.180237,0.11131,0.1832,0.229736,0.295516
neutral (29).jpeg,0.136642,0.597939,0.0786722,0.112743,0.0740045
neutral (3).jpeg,0.0792254,0.0701063,0.211601,0.0910617,0.548006
neutral (30).jpeg,0.233716,0.103264,0.538731,0.0632553,0.0610342
neutral (31).jpeg,0.0254123,0.224589,0.381781,0.0228665,0.345351
neutral (32).jpeg,0.192384,0.168875,0.272368,0.158004,0.208369
neutral (33).jpeg,0.370464,0.121301,0.0832983,0.149548,0.275389
neutral (34).jpeg,0.370501,0.216437,0.170335,0.185856,0.0568714
neutral (35).jpeg,0.0643534,0.388831,0.420779,0.0652986,0.0607387
neutral (36).jpeg,0.356979,0.136068,0.286497,0.185031,0.0354251
neutral (37).jpeg,0.33669,0.178915,0.154329,0.305327,0.0247384
neutral (38).jpeg,0.048451,0.105111,0.297955,0.498601,0.0498822
neutral (39).jpeg,0.45696,0.0738205,0.219193,0.127737,0.12229
neutral (4).jpeg,0.0497981,0.0959143,0.404462,0.270295,0.17953
neutral (40).jpeg,0.32314,0.129563,0.0603095,0.247509,0.239478
neutral (41).jpeg,0.0615568,0.10652,0.681482,0.0635416,0.086899
neutral (42).jpeg,0.108439,0.0978161,0.409523,0.128401,0.255821
neutral (43).jpeg,0.0171743,0.331192,0.0952494,0.135692,0.420692
neutral (44).jpeg,0.134598,0.0137939,0.185712,0.0542903,0.611606
neutral (45).jpeg,0.0480991,0.111212,0.459852,0.237378,0.143459
neutral (46).jpeg,0.0233369,0.277888,0.384741,0.057671,0.256363
neutral (47).jpeg,0.424037,0.138675,0.177359,0.111541,0.148388
neutral (48).jpeg,0.0865877,0.108676,0.547329,0.112684,0.144723
neutral (49).jpeg,0.100051,0.125766,0.231932,0.210094,0.332156
neutral (5).jpeg,0.229703,0.217529,0.184827,0.0663188,0.301622
neutral (50).jpeg,0.0994492,0.209066,0.200912,0.428182,0.0623904
neutral (51).jpeg,0.0138496,0.156049,0.316284,0.0918752,0.421942
neutral (52).jpeg,0.191514,0.0882193,0.362172,0.172411,0.185684
neutral (53).jpeg,0.109861,0.290725,0.304212,0.120997,0.174206
neutral (54).jpeg,0.419261,0.062578,0.136488,0.30942,0.0722526
neutral (55).jpeg,0.143335,0.0866201,0.414967,0.0461754,0.308903
neutral (56).jpeg,0.286608,0.190156,0.236576,0.183645,0.103016
neutral (57).jpeg,0.186538,0.0427557,0.242909,0.188799,0.338998
neutral (58).jpeg,0.275228,0.163591,0.302036,0.217179,0.0419661
neutral (59).jpeg,0.25288,0.133021,0.101515,0.465082,0.0475021
neutral (6).jpeg,0.0724818,0.450226,0.0407495,0.232203,0.204339
neutral (60).jpeg,0.114897,0.449021,0.144668,0.0942654,0.197148
neutral (61).jpeg,0.0212567,0.154566,0.121,0.0181853,0.684993
neutral (62).jpeg,0.118065,0.100351,0.29609,0.394603,0.0908913
neutral (63).jpeg,0.200065,0.139037,0.476727,0.0936062,0.0905655
neutral (64).jpeg,0.0639267,0.271581,0.358366,0.123636,0.18249
neutral (65).jpeg,0.440874,0.119608,0.232913,0.0514346,0.155171
neutral (66).jpeg,0.455527,0.0865263,0.250089,0.101915,0.105942
neutral (67).jpeg,0.0893038,0.422082,0.0324957,0.380394,0.0757242
neutral (68).jpeg,0.512407,0.0611572,0.120181,0.227222,0.0790329
neutral (69).jpeg,0.0827685,0.0862716,0.44017,0.31304,0.0777496
neutral (7).jpeg,0.0295675,0.292365,0.23237,0.240145,0.205552
neutral (70).jpeg,0.0668064,0.270752,0.329888,0.0198467,0.312707
neutral (71).jpeg,0.296842,0.0966492,0.159307,0.332641,0.114562
neutral (72).jpeg,0.0535724,0.360292,0.393449,0.0468178,0.145869
neutral (73).jpeg,0.154607,0.292018,0.140031,0.314541,0.0988025
neutral (74).jpeg,0.0725429,0.361456,0.211173,0.132681,0.222148
neutral (75).jpeg,0.0303984,0.206893,0.0587623,0.655352,0.0485942
neutral (76).jpeg,0.16593,0.215068,0.29414,0.142099,0.182763
neutral (77).jpeg,0.143346,0.0634019,0.334818,0.317956,0.140478
neutral (78).jpeg,0.185657,0.304336,0.0976237,0.0971558,0.315227
neutral (79).jpeg,0.11753,0.105753,0.323683,0.369386,0.083648
neutral (8).jpeg,0.304548,0.146539,0.0678202,0.379556,0.101536
neutral (80).jpeg,0.087064,0.286716,0.201063,0.163605,0.261553
neutral (81).jpeg,0.07716,0.254907,0.275732,0.305262,0.0869383
neutral (82).jpeg,0.152444,0.211853,0.020592,0.550208,0.064903
neutral (83).jpeg,0.323683,0.143315,0.0725699,0.189586,0.270846
